
power = 1990.68259040525
throughput = 16412.75
composite = 5715.99297459975
